
  Paths with ion flow  Cl:  0   H:  1
    Path   0: Flow =      0.493  RLS = (50, 42)
      34 (1, 0, 0, 0, 1, 0)
      50 (1, 1, 0, 0, 1, 0)      0.996
      42 (1, 0, 1, 0, 1, 0)      0.493
      34 (1, 0, 0, 0, 1, 0)      0.946
    Path   1: Flow =      0.016  RLS = (43, 42)
      34 (1, 0, 0, 0, 1, 0)
      50 (1, 1, 0, 0, 1, 0)      0.996
      54 (1, 1, 0, 1, 1, 0)      0.085
      55 (1, 1, 0, 1, 1, 1)      0.079
      51 (1, 1, 0, 0, 1, 1)      0.079
      43 (1, 0, 1, 0, 1, 1)      0.037
      42 (1, 0, 1, 0, 1, 0)      0.016
      34 (1, 0, 0, 0, 1, 0)      0.946
    Path   2: Flow =      0.016  RLS = (35, 34)
      34 (1, 0, 0, 0, 1, 0)
      50 (1, 1, 0, 0, 1, 0)      0.996
      54 (1, 1, 0, 1, 1, 0)      0.085
      55 (1, 1, 0, 1, 1, 1)      0.079
      51 (1, 1, 0, 0, 1, 1)      0.079
      43 (1, 0, 1, 0, 1, 1)      0.037
      35 (1, 0, 0, 0, 1, 1)      0.021
      34 (1, 0, 0, 0, 1, 0)      0.016
    Path   3: Flow =      0.003  RLS = (35, 51)
      35 (1, 0, 0, 0, 1, 1)
      51 (1, 1, 0, 0, 1, 1)      0.003
      43 (1, 0, 1, 0, 1, 1)      0.037
      35 (1, 0, 0, 0, 1, 1)      0.021
    Path   4: Flow =      0.002  RLS = (39, 38)
      34 (1, 0, 0, 0, 1, 0)
      50 (1, 1, 0, 0, 1, 0)      0.996
      54 (1, 1, 0, 1, 1, 0)      0.085
      55 (1, 1, 0, 1, 1, 1)      0.079
      51 (1, 1, 0, 0, 1, 1)      0.079
      43 (1, 0, 1, 0, 1, 1)      0.037
      35 (1, 0, 0, 0, 1, 1)      0.021
      39 (1, 0, 0, 1, 1, 1)      0.002
      38 (1, 0, 0, 1, 1, 0)      0.002
       5 (0, 0, 0, 1, 0, 1)      0.245
       1 (0, 0, 0, 0, 0, 1)      0.043
      34 (1, 0, 0, 0, 1, 0)      0.278

  Paths with ion flow  Cl:  1   H:  0
    Path   0: Flow =      1.084  RLS = (50, 20)
      24 (0, 1, 1, 0, 0, 0)
      25 (0, 1, 1, 0, 0, 1)     23.269
      58 (1, 1, 1, 0, 1, 0)     23.363
      50 (1, 1, 0, 0, 1, 0)     23.108
      20 (0, 1, 0, 1, 0, 0)      1.084
      16 (0, 1, 0, 0, 0, 0)      1.155
      24 (0, 1, 1, 0, 0, 0)     23.588
    Path   1: Flow =      0.071  RLS = (20, 16)*
      21 (0, 1, 0, 1, 0, 1)
      20 (0, 1, 0, 1, 0, 0)      0.073
      16 (0, 1, 0, 0, 0, 0)      1.155
      24 (0, 1, 1, 0, 0, 0)     23.588
      25 (0, 1, 1, 0, 0, 1)     23.269
      58 (1, 1, 1, 0, 1, 0)     23.363
      59 (1, 1, 1, 0, 1, 1)      0.240
      51 (1, 1, 0, 0, 1, 1)      0.240
      21 (0, 1, 0, 1, 0, 1)      0.081
    Path   2: Flow =      0.011  RLS = (51, 21)*
      58 (1, 1, 1, 0, 1, 0)
      59 (1, 1, 1, 0, 1, 1)      0.240
      51 (1, 1, 0, 0, 1, 1)      0.240
      21 (0, 1, 0, 1, 0, 1)      0.081
      17 (0, 1, 0, 0, 0, 1)      0.033
      25 (0, 1, 1, 0, 0, 1)      0.096
      58 (1, 1, 1, 0, 1, 0)     23.363

  Paths with ion flow  Cl:  1   H:  1
    Path   0: Flow =      0.016  RLS = (43, 42)*
      34 (1, 0, 0, 0, 1, 0)
      50 (1, 1, 0, 0, 1, 0)      0.996
      20 (0, 1, 0, 1, 0, 0)      1.084
      16 (0, 1, 0, 0, 0, 0)      1.155
      24 (0, 1, 1, 0, 0, 0)     23.588
      25 (0, 1, 1, 0, 0, 1)     23.269
      58 (1, 1, 1, 0, 1, 0)     23.363
      59 (1, 1, 1, 0, 1, 1)      0.240
      51 (1, 1, 0, 0, 1, 1)      0.240
      43 (1, 0, 1, 0, 1, 1)      0.037
      42 (1, 0, 1, 0, 1, 0)      0.016
      34 (1, 0, 0, 0, 1, 0)      0.946
    Path   1: Flow =      0.016  RLS = (35, 34)*
      34 (1, 0, 0, 0, 1, 0)
      50 (1, 1, 0, 0, 1, 0)      0.996
      20 (0, 1, 0, 1, 0, 0)      1.084
      16 (0, 1, 0, 0, 0, 0)      1.155
      24 (0, 1, 1, 0, 0, 0)     23.588
      25 (0, 1, 1, 0, 0, 1)     23.269
      58 (1, 1, 1, 0, 1, 0)     23.363
      59 (1, 1, 1, 0, 1, 1)      0.240
      51 (1, 1, 0, 0, 1, 1)      0.240
      43 (1, 0, 1, 0, 1, 1)      0.037
      35 (1, 0, 0, 0, 1, 1)      0.021
      34 (1, 0, 0, 0, 1, 0)      0.016
    Path   2: Flow =      0.002  RLS = (42, 58)*
      48 (1, 1, 0, 0, 0, 0)
      32 (1, 0, 0, 0, 0, 0)      0.118
       0 (0, 0, 0, 0, 0, 0)      0.077
       1 (0, 0, 0, 0, 0, 1)      0.273
      34 (1, 0, 0, 0, 1, 0)      0.278
      50 (1, 1, 0, 0, 1, 0)      0.996
      42 (1, 0, 1, 0, 1, 0)      0.493
      58 (1, 1, 1, 0, 1, 0)      0.002
      59 (1, 1, 1, 0, 1, 1)      0.240
      51 (1, 1, 0, 0, 1, 1)      0.240
      21 (0, 1, 0, 1, 0, 1)      0.081
      17 (0, 1, 0, 0, 0, 1)      0.033
      16 (0, 1, 0, 0, 0, 0)     22.581
      48 (1, 1, 0, 0, 0, 0)      0.148

  Paths with ion flow  Cl:  0   H:  2
    Path   0: Flow =      0.002  RLS = (42, 58)*
      34 (1, 0, 0, 0, 1, 0)
      50 (1, 1, 0, 0, 1, 0)      0.996
      42 (1, 0, 1, 0, 1, 0)      0.493
      58 (1, 1, 1, 0, 1, 0)      0.002
      59 (1, 1, 1, 0, 1, 1)      0.240
      51 (1, 1, 0, 0, 1, 1)      0.240
      43 (1, 0, 1, 0, 1, 1)      0.037
      35 (1, 0, 0, 0, 1, 1)      0.021
      34 (1, 0, 0, 0, 1, 0)      0.016
	  